(752800, 1380200), (754200, 1380200), (754200, 1381400), (752800, 1381400)
(753406, 1380642), (753501, 1380604), (753431, 1380425), (753335, 1380463)
(753548, 1380871), (753603, 1380847), (753524, 1380662), (753469, 1380685)
(753008, 1380321), (752982, 1380317), (752978, 1380344), (753003, 1380348)
(753358, 1381225), (753468, 1381184), (753397, 1380995), (753286, 1381036)
(753759, 1380970), (753727, 1380861), (753563, 1380910), (753596, 1381019)
(753756, 1380518), (753837, 1380424), (753691, 1380299), (753610, 1380393)
(754029, 1380871), (753978, 1380750), (753783, 1380832), (753834, 1380953)
(753744, 1380736), (753837, 1380702), (753800, 1380601), (753707, 1380635)
(754281, 1380765), (754239, 1380649), (754045, 1380720), (754087, 1380835)
(754063, 1380640), (754163, 1380599), (754100, 1380444), (754000, 1380485)
(753200, 1380400), (754200, 1381200)